MoneySpent <- c(163,157,133,602,267)
Age <- c(20,19,20,20,24)
